0.04566464749515729
0.010747676282389918
0.050925845204111746
0.01001104326887994
0.06573526425696055
0.00018174005086242859
1.800636286764628e-16
1.7133900375094126e-17
0.04980677753343476
0.0503735208609555
0.01720227342636648
0.005499569890697384
6.889594056170443e-17
8.995773256189072e-17
0.06459485099155274
1.1161690742810502e-15
0.03933217825732231
0.014535362645922664
0.04002134641368992
0.03209360456644618
0.08479452605307461
0.01079408047753975
1.4784038503825507
1.938725989109918
0.18694353135776778
0.08936445031479873
0.12880418202911967
0.1332507847318833
1.4696351550497357
2.101031463748483
0.08804783473549953
0.38106234988837806
0.24009698790758888
0.2500973810271134
0.21996078922691764
0.043236111017409554
